10000
303924675
111888516
81376383
265919801
388921154
428637643
438592295
230322101
339942102
483677426
492742362
115048473
273435548
365546192
322024654
142917396
356649420
253430008
84791624
465536580
186805120
144055891
408079261
53927347
86382742
424831500
465542252
373972500
247803893
121883656
456331280
423160075
138706957
464000249
344105667
200776828
386507825
393432977
102331634
433225841
192873135
95204124
329424332
112804556
92083428
438336910
301409210
225763207
225192707
439966305
291223596
92188376
324442521
183246002
301536942
490610979
227464266
70294677
456121071
471199732
445693785
372152657
111375366
395592697
235873939
207824781
307220131
454806610
329949602
404349849
250984429
69905938
493584449
441227087
131607061
303685438
324197583
234246559
303642662
267797321
223476515
359196878
337167522
142496155
150319653
346930216
148386232
484851585
190688330
224938360
178309347
240826817
251637997
483247248
186834367
55405226
163553085
60647650
387660189
157226669
229843321
139851120
124889031
345132166
204364840
400147098
74423856
415972170
77856663
382770209
177432296
181553635
265324958
80383467
272802473
221059506
480116914
339337725
224679252
331444058
347147134
127649637
450102936
317540068
392143014
244589014
404514493
341974710
252637791
80876874
334491336
470919552
139952403
186046226
150521231
121896272
210738997
86795069
329527919
478957851
104750504
179917999
353516565
460626926
189797670
232297572
478624812
494329984
271199955
449656126
344288095
353415422
244968390
302310006
171912979
327650037
379558185
152244994
181238336
229424570
249463184
153956980
268256146
443627167
62227270
389651292
411431010
67527111
138480621
294037552
416291758
163273403
341649777
441223316
223112762
261935966
443007181
97871462
483867297
258044118
353569553
92746779
169007930
101847545
260239091
309674278
495413434
276184388
193290056
72354148
203708405
137283692
433117564
228179587
284387344
483936074
90731036
292111371
442103391
250640678
78358003
413811209
289548516
477486334
174304019
452402148
395342291
306401150
96569530
343482417
303751737
495067310
490040260
336828725
455907486
477698200
262790924
360366818
249200026
305922162
368734912
341179807
159241722
302222997
50349928
317603230
74124514
144254585
372086091
160894593
344535755
404196125
380083580
451762583
492122874
210876415
218746007
301310341
454564249
133341758
58808941
231719428
117195091
324610647
263168419
297405124
205867564
475646367
372918427
267052400
76144288
62523369
182751221
141108952
63765388
237611928
60395728
208772467
464201042
279356803
306368546
267799365
363807225
174527499
319947242
231766149
356300449
419275175
449398701
148009466
286679256
464353268
223971187
473293633
277201474
145635926
82234575
75930865
451064380
358581434
445950535
200117923
245955966
384066356
210461735
243776220
415639107
483326842
416924458
349177943
485300754
375698822
136565767
339762038
252138438
478771448
358987172
139764888
274627440
284927939
127293722
149418892
128676552
194404589
375993561
70431759
437582221
399987435
459688338
122086889
384062904
233695552
476583569
170303277
179665241
391286510
166987535
376816338
151652381
440014471
438265212
224719881
466261212
448506513
361328932
141829862
281137379
119449682
169080510
118039500
68151221
405929830
435091196
236034825
64197309
60688019
270031146
423928730
299703176
278540987
494048103
481038554
125856976
185377062
498027031
166893485
234357593
307322423
452305412
320941167
67094620
106310887
222816741
177480441
431450421
178663637
203323048
467604747
68572781
115955084
477863343
293934927
346741158
398486559
470257839
252975175
149276555
373114560
348787920
425156169
86697882
426719399
395969782
489758551
445491756
195294157
201947837
262746712
264137165
238925155
126323355
291723565
484471029
267068528
82867182
382523661
144224019
102933849
211450619
250826380
373989692
185471087
166989138
207975217
381350417
327077588
156779873
360563842
335052661
390050962
306972893
317536752
473084534
417094645
257529470
93378775
84588714
65200660
422843967
467979478
211748514
498892673
364522974
255580717
255276895
51334957
193613145
61591795
488062936
213220725
86860849
328656462
90053966
453625995
173168442
312880755
314338835
496015329
194112725
210904344
68675217
498794079
168341923
318164129
384278715
56194404
238537405
436254622
80035897
105672786
290918453
343717357
160608246
66954181
389634634
182013859
143705320
288279308
431035901
380631776
177652538
377831156
412629069
168783676
84743292
54649553
353218174
81248961
431477181
493909660
471839304
56422433
113597684
159020403
141415905
325437177
78493649
409464795
368095648
466743684
231492372
359016530
219574648
299936263
77535412
154088989
308402251
398355747
239463554
301077851
357744685
125637451
178421928
218374531
127060479
195877745
494180695
306841297
306275695
172783655
364156642
292585286
89888996
93532267
240699609
58096219
58073513
110262743
171074102
175896518
240534950
282050992
257282313
459820690
73457577
177342954
188521661
202229025
53528867
460084352
381914940
360499823
488297903
225514567
86204709
312140708
219156057
219816650
200317597
439347367
147810781
230674566
307098254
428817238
423365275
415234901
267428802
193984650
240540126
154584935
319989145
303187779
459861730
99688526
55514960
257387989
242848849
87627865
351906249
60977330
313095219
459092364
202016367
288359062
240656028
56367546
386132855
78627620
488813638
72342289
264308476
122618548
452601795
125624338
248512624
200874778
339461926
390970381
332780110
369500132
322149507
73826062
478476296
203895265
386901664
212226864
319103380
127091380
321261912
148267885
110729153
409495271
473600364
219893731
380804734
346258328
390346031
342713074
296953374
188554896
158754895
376476244
321272141
54401902
438026222
379191047
376817233
179911522
66820795
384661876
256460337
346591163
286882393
244115821
50949296
285282251
411556369
464414245
96603919
486201621
108507721
137381199
71874844
447596951
65366757
81513181
271247214
308273999
243988265
350228944
130268886
424481174
290666203
435383432
311596980
179839105
476146123
64685911
492542667
487809463
133114068
59613677
76950865
72548770
231181869
128860115
275754710
470199923
168918107
482753688
177179988
255779763
160725414
118910083
95619446
162758478
52488761
300558150
331093446
152058359
381907858
315268787
283103786
301671022
398355775
247798331
376264546
405083585
317432471
272641318
195301626
71241317
96232037
186339391
421418325
452770501
492670256
121691161
395716489
94571377
494738328
399536990
293666962
341056152
364519607
414834629
433973406
433017628
317493091
409742793
307370547
56389675
277482144
182866948
371682276
485405553
366930752
422478873
133534663
186831679
419288115
480130473
231687215
469466648
339296920
400918555
485971004
283773228
62539118
447097265
315443764
369804411
191162069
110024085
112460251
64660574
460414890
68229252
376091211
355656886
440158202
171699026
317432137
388113090
394307435
442345612
54769556
497203701
329623227
170254880
61012026
136641960
215424487
165438432
374007336
483298551
461883290
291803996
188950462
91697329
165136613
328516103
158311511
308861953
167311981
417777316
128409374
153519598
118777498
384416761
274565613
60366521
363280862
448732721
457856780
358285959
90862605
63089958
127178219
137380092
54247578
129012637
73534161
243736978
407854031
397121517
132170765
436189012
353322971
388022039
351697449
253466427
373924124
248816875
409699656
217598011
149066631
62714260
392974953
100115627
174928988
212753183
74953917
469596238
416071228
353869212
369744314
137916618
333202757
408796865
305835802
475806716
158260789
167225086
198924574
271241540
406976657
352440899
468183219
69633089
451324488
348553430
425156855
287901112
317328430
460129091
212314004
87632703
496074878
142535949
154369917
147588289
81797354
403969284
252605517
235517882
358423249
386445461
376467581
388546529
348529703
270447476
152773487
410489160
322444788
439101529
361802976
153132485
385956291
286394958
101608841
448223411
220644503
364129406
319314106
86268809
424904919
420672692
140741870
53400254
107125399
406574263
99782227
190068008
213082848
456915604
185267775
455015436
247785309
272087257
217022856
312457316
231702785
313993509
147327735
395995725
408956623
262420468
149189185
131649115
156185731
270056971
222555068
235281954
267856122
387494441
137322844
102157295
427264479
377127908
68715051
146311387
263627992
117407903
302098332
369162991
458591627
75534638
360677474
329874828
58274981
177526996
420891361
418503705
398091761
189428235
401071378
91442571
338825336
124976002
251053957
176045903
435236496
87403198
189140388
458773247
404542459
475687749
321588660
130888097
58755894
407990887
488954192
265901776
256203819
115393838
286948669
305920498
408372142
143948362
415968318
112834298
302461499
55369200
292971777
141478136
495977365
279199868
197615981
363164100
491149888
392884341
250417317
113262367
477607556
397712113
80054267
283542109
416827809
302525339
73505883
90123199
372555962
290116302
223162306
481263194
310944622
400193977
493649965
264069336
138721973
463988102
392854814
353027945
314760233
385501759
385316693
126533604
494567895
82899995
417371901
497946545
77937942
257919870
122652825
76844847
210526651
248040807
381744573
122497844
120607190
287860329
244899029
191752505
377285195
422734010
454822512
54271786
436364806
127276639
412435558
376111912
230439432
165871112
306781567
247816435
482623789
126492957
356435807
104247616
163137613
421901139
192325534
328544124
439354547
449978058
300069310
353913322
334819619
384850241
96745999
108823541
477081943
363216087
438275609
166054660
268755475
289126448
61418294
249712306
232423202
481662643
199175202
168601658
470434700
348151825
142280662
109570693
481442470
190830790
353065489
193691031
432512983
347928629
130182209
192552649
306602989
241836847
430870157
158982999
325956532
389528403
283971586
427860724
409319980
75899460
234736545
98312835
377255043
321464721
292456743
206823553
339816938
298365215
350730724
189605811
283214146
344339246
209724755
406787894
328939497
484837376
80654220
494668058
95728828
379449708
70975910
476660171
235721592
358887724
422470846
134873175
453794799
369587317
328603296
458549376
178671164
477279569
202106211
168396088
186687865
138469047
386144194
321793172
116511092
128454397
168153782
499449930
403679598
366191040
414075785
278029569
264975515
484907682
460977605
341386774
231286528
103524640
90281288
358680999
113527609
264921325
112780766
263550023
307211608
404585794
330138959
251681885
271829199
341255823
200897930
78904704
314041794
457640978
357812284
63101841
134291387
346462645
72083110
51809875
66560304
404738853
403688664
479332602
462651333
247329957
327107348
338509828
363025015
496737214
265060595
236861264
109037837
247583900
150105411
211823868
474857933
79921076
479219547
342374052
469398900
329163364
357430564
280184759
289382688
55927084
208266348
339638643
369215249
487787245
241518401
281207844
310271203
167074991
84227271
495521321
466182485
290082308
183614051
110480225
260883969
274023913
244442175
372025270
336334740
386787385
338400461
220609984
96845656
241716855
112125744
459919973
88012019
93491042
253520773
237878011
141434025
190162922
395301787
284730595
378107762
399618365
424799747
451318435
424259951
312534101
435214795
282377706
495906882
419566733
177086588
175926637
277802715
392986439
118975302
198599135
389824457
305057491
324040221
335744251
289195192
162631154
352598397
421221666
415451610
494684795
368634448
417164905
138704408
453055112
401681148
58278022
201477862
265143951
138267871
441037231
490211781
378268162
270170561
234192837
53392027
99579956
445276593
61776907
385389078
287266669
61031788
88973368
256505843
340228081
406651982
353782589
462521760
410761263
181200368
160617953
373337797
196053678
445607739
84010970
458507296
244060542
144270281
145295698
259005084
138927517
445029213
290073292
290362336
499098785
305951235
399309265
460699793
467233300
114299242
308322019
389968627
432152851
267602052
424449289
292889518
429553892
227815030
279629680
121535888
114367466
54068553
325500448
368634030
142832598
334227023
61678241
239642803
473363420
358432655
470876368
481687661
130051282
99346419
244669743
132193290
408172575
390634948
357282461
340247539
115107960
231810522
351863019
149921338
425183841
195164572
325567886
124675393
452029361
256432837
324851961
409703599
379092483
487465574
301025187
251746470
121527037
330589157
384015446
289532196
499244309
491316093
383194982
208585880
135819346
240455883
204936895
150840499
50416983
346644532
490946695
317351020
436892447
254422530
176726532
418631766
321149913
99592763
180795638
56020419
427519373
99233030
183406033
450078517
476389377
432231063
182723183
359289546
418742076
395788044
393685524
58957753
313752249
253998453
369734983
86342025
450964067
60906687
449091417
197321369
334970962
196931948
442579369
186068794
314450327
186291013
260247478
220695283
483703824
158109039
378103945
144100396
450676696
442871428
76935700
110075092
442685890
214722226
399506758
134441299
69921217
328833499
305639311
387423610
156895498
213195844
209347001
326714848
209746390
215753173
188682293
96416704
129861105
247919038
270137838
125474560
367476130
202752331
399722456
57738549
383982933
319093668
191912677
233223383
145944414
90704234
332956854
314286897
432042651
162043984
150396589
288740136
415336929
474418789
77537730
385063799
304352533
173560248
358877973
335814875
350441213
194082733
55627658
180005973
113557083
163041815
257552603
175420747
327442621
91165490
102438602
63205937
469679207
79454908
484626014
191693202
370348689
268830158
481232461
464646665
90206952
358127714
141207158
198154274
66668291
127826624
445386938
446885331
293385874
378138910
206565235
291247666
438451781
377096395
361870465
400738408
387199802
232169528
80650215
83170203
452436543
135684579
193577682
220499546
256692477
222822331
497298623
218723450
402478246
279344750
162072152
169035350
467918679
126475372
316820189
470441199
350754673
252136235
307521937
261766208
229852386
482312373
356987703
61333340
493942881
428904213
488020765
101259613
485840333
379010687
150497960
439460194
232351090
141180638
107774561
128555146
460160188
455150418
176855515
410632960
229001922
110718182
468674391
138928767
139672597
493061712
398893158
370451842
101731918
208126298
73519919
467613985
141014530
220091414
354374341
197697779
341541874
294099346
196590022
348721360
494078547
408442886
168470133
368649825
338872520
425009581
249928335
107302409
69018227
406876562
70658749
289248863
70237441
387273400
95551540
226207032
94919363
179796514
252572570
146763125
183148033
467532944
492288782
121404577
117294269
304777874
87215232
407983544
159566401
293538808
495554209
402899189
368922385
484027475
491167904
466812860
422605116
389589226
342118277
182046582
344428904
185209152
486125236
323959248
78637410
445035807
255988349
129622263
286994011
420561135
319669716
80466457
188763145
402632137
211783182
115533025
472047426
418422950
80599399
333244009
435712578
358563160
72493207
252360812
67820561
321969953
471566322
297943150
487354801
352985989
378266237
238581529
351863908
387763983
495433842
306419708
231072174
203222930
308779181
293222704
412218822
221082501
125954569
337422702
370729398
427991809
235719048
224287404
109287786
441360519
368465924
289672573
475373473
61145396
285656997
488117914
495367374
442159763
180012997
202038352
76281403
398116127
187740123
446536200
227017998
332786724
388045425
225559750
479359272
395880016
216191012
192764666
114179158
398085312
458199478
424097940
51728479
379745377
424748213
481577536
237750459
72462746
275263115
261554879
317754020
51056392
269647828
244846235
186307244
343835198
77935734
164195842
428641614
193440079
94374554
115959106
376864790
243008707
432110826
128621170
214255056
414237152
199639693
487832849
424773504
302849742
166935144
425467205
102045894
94521866
91597493
72861577
88325309
454181872
399682766
394895082
471510675
451620051
256845426
485159411
181527017
58643073
389346133
389300479
336027262
278174961
321949389
139171816
264243518
53974640
50897099
333444671
175718304
479192433
151496000
419173959
292020004
195433168
382273433
147106064
442017720
351071880
302048970
322113499
382319202
385087779
133949796
145193976
207621776
412515879
261980426
481423011
77812225
495143369
267789779
465838248
303733565
442051339
58049245
324872723
481769202
143131350
116042424
293290632
94611103
202523042
428938651
355119532
436048042
357046426
71431179
167973149
291665996
166091979
282427893
286537126
308622757
329051415
66340059
407814766
390479837
329405566
356293113
82914164
469879130
402462042
361965301
177639571
262282939
296291077
493322565
315944959
495946967
214602215
302584602
208960392
198476940
181623379
170883353
158575606
188545433
132812487
185687295
259658681
370659845
64426840
385762140
254755846
253960154
223095803
84904664
136511811
296011551
392652615
101159205
487645611
436277639
125005217
278810676
326583770
195013206
356077159
414902012
184561837
245652568
263018373
417333834
186589186
247571534
480547360
491207692
98111055
261456676
129836653
146322422
202707305
120914974
69106402
88314038
282198346
189109235
310479646
498752916
203408599
327467528
242143936
121325588
448447242
404367104
217820466
196496320
476635924
212847698
236213119
465175666
143944575
51144457
298441516
498238873
153680727
184167818
441091757
212224050
135987043
262604727
484385069
244106949
414808991
359804249
148650221
450190316
269126747
157464518
147518093
307332175
229706902
384483792
130441451
100960914
161222238
152554952
355473279
436835176
294442053
362667473
373639861
120666445
315771095
398725406
364478889
376113072
298246648
209439633
336357537
360094323
245791688
93291085
144788517
338672794
148279237
473975004
358424701
380432804
189374596
458667424
324962104
57893710
244571963
403834462
289824506
419349199
340488181
75532998
156366276
259080514
435506444
290629393
322928365
405906372
123407859
244225588
396449725
195574614
124113292
110908109
206251858
426199173
51217539
70785895
470021295
347079302
111841983
95147696
420241993
289945908
295649605
472001226
439971389
441353732
212276508
499807827
176942515
426686803
144501831
440984711
368440577
161413846
226120807
276945858
214343889
113441988
474340407
58043214
163087896
457986953
73219933
172482973
441438907
345429933
328134807
487666138
371851946
340405409
269443606
342293671
195516137
386325148
219746133
494109017
407799704
296965279
113730398
73669842
351248030
469793756
288667715
179049470
473703418
218909525
202828556
102057434
495121371
377149075
476375040
186867214
434069300
142067060
372975501
298191594
421508201
283354245
254934854
289816213
249345055
447492046
488694652
473077781
125989545
79659388
443471286
468278693
153072123
422796054
380670847
186612605
415957368
342333436
102703696
416973681
203443469
249110814
487152572
345399016
488808272
492086739
326025826
150017180
467143257
463912573
453121715
74627464
191219656
421087157
105751500
361558803
120530720
74459714
198179772
119911173
135678341
93126905
167323283
213561862
397891214
146976297
251254075
488014990
124133509
420701748
224513722
81491930
453720188
494974894
298205762
170797923
126650530
486034166
369342451
372999212
95459160
354169389
148348829
361335971
350622078
164972188
369262077
426287246
196266088
316670213
263287085
159498076
274721555
417724029
102550932
80790409
338066285
434198702
363788912
388228956
342507938
298209683
423571243
238258143
440309374
418485391
266609401
488826665
423714910
245468994
99667182
210413903
421452702
211205919
255872390
306002690
159614520
74736786
65909658
371471770
325737425
496419388
258986884
461418360
216181614
465514882
382836366
447759649
479322919
444741970
496026720
359609675
305904640
65074688
311159227
310852282
132438547
218925490
51428024
129069994
89460577
169135946
187784442
132646199
82361993
114723991
105082114
316704315
491191405
110738008
358375366
186549145
384377423
451865570
233906872
82069192
343026559
398230272
284075352
291781856
73782245
96671228
154306092
255367456
202793927
365150021
53777545
342245189
217252558
100110117
89826829
456777878
259094311
170653568
436663868
225365360
157454134
354402183
323202040
452071177
351019835
352216643
261010208
397408323
208679065
345847698
207164841
261699017
343215122
407820337
381681383
455332912
70909736
404356517
180028458
386506357
496840900
213132432
168652749
350378873
187024203
173009691
447463242
237392695
114548213
96270927
418576313
442479395
73404620
415602962
321488498
199109599
422296503
184535988
481268221
485198646
362043427
127407670
182077793
114273711
314386879
351984503
181175384
350292999
103295298
161007074
132642431
417474834
79448450
133341096
209025887
273063464
264468443
220838375
53446202
451875761
447509379
402595634
105250110
311938418
170731559
446862421
53643060
61265860
429585505
342794950
271283235
254809458
51743587
302802920
438500218
153847948
408188904
114409540
172137606
376211234
204891762
441957606
257246374
85217900
391963397
481702822
244856878
396634457
302825856
451444025
320862926
293850231
64239590
438940769
242900815
472007632
138837836
292979525
51511375
266393957
478689991
210606861
404225704
164381913
91373957
57347003
498858781
120780629
92980352
439865514
83822798
54589168
471647659
254907074
426022135
293587340
186199360
153544931
175383507
292778710
171444253
184927918
409917646
122863301
181290296
84183921
345719964
419898866
75655219
488307755
346883856
100006634
180842329
158480916
107849246
221103120
489657751
102767491
433666127
288783901
57437697
148134382
134333803
372283641
387650222
491791800
286828677
231573660
276180844
287985609
224803814
78633942
89511906
104892225
446240848
306716313
438404310
312529666
259431600
319055083
67504020
171314153
236163541
394746257
177980341
148570560
280586105
165795340
87806981
135166159
182464007
67539612
155815584
466168970
250683120
447962125
116924772
363003970
181387031
449137018
294849722
215104956
328967959
101960262
413636821
273276116
429853854
287681880
339293847
230040160
440453823
100742010
260305627
301628943
477607931
94625574
278754187
403827897
435219894
123765951
81090596
146007413
103308438
422267777
92157933
470353342
396799007
231870295
149115343
405080391
356148269
253478768
484705103
499991409
75134427
105763904
477735227
142027203
321801193
405697032
438141329
82539660
451556301
174253383
444095568
460968727
269893980
121684961
341210715
460226591
428366545
237963270
492064762
73711163
195942139
137608244
195452874
55225937
399009619
452891438
208611668
293015646
488574963
160325361
312900081
121224858
66363931
177902551
309495775
499479379
242772220
167778932
164885966
279963308
326362861
300770603
93054511
53351644
427190348
203680575
91681073
364248262
491199347
446436560
329458286
499865058
212963041
158930107
221477123
122146832
199866975
107018639
55905267
247598020
477683396
65939882
120397613
77879245
283458816
87276157
141992354
176067322
277002428
398613987
333467245
261064566
435097093
325856572
109371152
243964612
359907559
134117923
425514147
497492667
278116696
197667368
385811943
331828950
213432506
270533699
308066434
64827757
109300893
157190122
99580540
355041585
452015338
115244807
130903934
491981194
178139005
368789633
420460698
498640565
291408521
183335478
244451410
141661396
434276379
478761597
317829763
353639516
419257764
75955693
200484697
149738736
193942815
335496074
396372725
463281950
233717653
416481413
446957470
272638385
476042861
265078280
415919679
380635804
478642069
246584825
150957462
152271978
185150175
407784757
493562955
247485042
296861832
70325619
280341107
145226506
390723005
310365496
126696972
73816953
329720885
396008743
461027735
116622158
438500546
253566010
434079673
70398211
111338569
165087848
214277944
111714881
324544005
193553507
405694907
74315525
273939308
165627599
473567150
156562700
291428674
294353564
453105418
119684755
381817007
105100737
461852515
183292176
480611918
455932543
258631275
282592567
96470108
248646774
51597647
214297789
357486099
178030333
434117419
345444919
278054158
444243859
57863970
56743265
64383153
455424571
130676783
229864702
395320485
235313632
252577689
129537821
426725022
442358267
175510003
272196884
244781442
283596615
106095641
416803589
268185804
392066803
470953974
104240217
346025840
162255397
110803271
271536899
291505208
415423901
403243485
363847718
263574054
119084648
435760677
57156672
270289762
100837818
148244327
335489178
150687701
110977455
317314567
222481248
55459607
378795437
216797336
285587273
276241855
341324092
286284358
317283040
474418979
306574808
195516233
105957652
439489723
101854880
335904401
119094184
219829320
287019521
248803866
287457937
296173096
111951869
339140659
303951619
221582570
74246103
435336657
218113995
360658750
113947473
51135573
93186666
490359890
294568597
359110647
425527540
468114072
169970881
170680462
306156950
142250942
234532568
378560512
140642122
57395316
421434896
432431725
358986808
332171125
309168704
168169937
121005068
207765749
127125552
352997537
231129421
95578573
422864944
266399190
74669515
480682749
90985617
72755987
421159255
268481466
297547680
333236365
234294301
334811858
272083423
113259721
451493906
277839299
472998656
404066885
251393151
259880590
58502978
118781060
113265682
196340455
480813076
254046447
342932168
131221616
158919293
167792123
359262186
226634919
79912636
463737423
469368034
117207191
303984075
291764023
354891787
255558100
147086845
331492716
68428320
226521438
166372748
129927719
254576233
496239365
386633838
418952685
401834653
440634160
143753155
96936068
250531179
442580945
74640861
391960497
495900851
385310187
85237380
144241345
497367771
130870706
119109517
81774621
424708630
200088693
221087751
190345359
283025840
146602861
123889405
126403892
437576634
493564391
472978679
275058640
156751362
181422934
255369532
259070143
195908958
408802930
65632354
197572174
172723905
57201839
190476079
337814864
63339048
118917914
301544811
144739515
216968664
302012748
293840192
144511493
489064463
73917747
97307332
205182730
347452947
493983300
487809712
84847036
306125656
96599001
273369687
162600926
444959670
341380503
381577103
281243679
340791615
456233834
493015294
298865625
382064296
194946259
405628381
398124405
109256071
222164683
376411475
371951616
55878853
123028229
446400266
425798361
59395584
369416113
452377871
177999027
264442256
128674268
227970344
63614183
50627136
240805103
218180656
104753367
251569376
319177829
374575467
265046583
105568497
344912632
376954116
404138210
87746848
362571300
337162129
234579620
354082891
358614183
407584093
403918540
454141709
85620020
200110569
330687413
412517674
497667314
115996182
60404456
456510889
461062740
473766183
478072808
252057617
92601380
51921004
91062688
412110722
456163894
142969665
318408052
92352107
91733098
456099917
136527537
408054215
104289918
390047958
335158301
128525219
319370420
486292842
93536166
86002513
317858425
459215591
53114638
301639204
369472168
337259723
68451136
332005634
130261831
235640355
175792335
113431944
275735163
84278749
58738069
91128440
88834547
237125737
486018088
484917715
273659065
174116262
200835044
469206841
50105020
465945583
436243463
124252609
290217692
476707109
491904538
213897929
337255075
396480036
60388825
270262766
321546306
92173961
285701184
148291249
147081042
376410713
459519650
116441588
164654879
183306304
471931464
71710961
365340558
358168717
162345759
72451458
149887227
103474275
468693184
84324221
426592123
251716175
139539588
110465601
439699787
206018069
428852265
307910491
100215044
409189544
375547295
148637833
437082967
389969489
351928480
95211985
435298439
452580649
126169651
321584739
210460833
343836564
393199873
73341130
279880840
54414640
337513951
71280955
305774715
492007910
312488693
391885011
77258743
446613245
415243049
326075192
452296679
434709182
173162208
147650272
414456292
317879468
339057458
407701752
229246227
362879995
245997984
174450236
294393664
300697430
133887401
394245740
458253886
302790873
375690021
125640778
261004935
111434467
404268160
369008880
105538847
198513885
108105741
388422463
229849021
317146154
328325804
188264791
353713766
203869878
299599250
494075482
381991061
473127307
314779979
71638764
168282958
139724224
82203299
351396596
398722627
404229083
345991953
85217142
141442709
486696074
259634077
404642873
322316978
193456297
397359960
327987470
210755231
259958074
361501208
217501683
162853571
430886756
337669082
296149435
299533664
322159147
122322097
361866405
296261132
182542815
320244396
116891522
409770457
346264576
489202519
338864396
394254945
438283065
340702158
496727916
438183381
411543005
344650801
308823607
465921023
332988358
178512980
249806839
144347596
103118903
53454381
293670444
488849745
104659209
174163247
265670793
174063336
382282367
352750127
491123356
119609068
409239531
278788301
108890688
114169606
58481581
375903249
367128025
409074504
106317131
80892776
77813646
119461366
127403487
301339636
391264741
325501873
142458420
385216774
374540100
257443939
263829492
59487376
197125389
327069303
499098821
278083089
84702326
393869496
380194857
253948321
412974841
318846797
315884489
367316780
173750655
452996876
357769269
372606111
469469610
296661039
238147117
237656582
124791712
56717062
324617431
391621970
375260745
194776289
120617598
282366547
381530487
66777081
60152326
264453958
108299725
285770436
409584814
287879710
63473696
340658628
311463369
321636490
432164258
230633544
148397016
53897580
364229810
225715322
175534661
129081916
325890956
190109041
459389519
423089919
267274328
151021395
492792203
446593685
498431373
111519324
182407305
75063920
388079479
164237579
97398557
308414731
190162000
336515844
437916386
306366024
148890162
135478832
447673927
148517673
204270657
379431490
86212797
322907903
270084238
264662279
76234987
74057287
452758860
164592723
349955117
481636938
219751445
309344061
125140970
255924952
420894950
76931891
372543114
160350851
473138079
435589923
62530860
349972760
457035581
249140021
205719863
199198239
154531728
162221604
63073550
306104174
137118929
174344094
353196836
348517465
476589867
144977811
114500712
86538735
419435956
396852219
144428071
213555149
381808465
463113486
255487139
115465018
458761398
148564266
172911172
198363724
357930245
438629163
67273028
75911062
264628767
205184646
237761233
445489993
415727103
160307857
447947637
242948416
236737377
133668990
307694124
219967816
491072155
124921680
339279911
498673647
468918764
312858289
371424916
462928648
217942672
481371425
262721460
326323134
402701801
202642900
249014300
227563000
349843706
394378013
274362464
497475286
392169287
238019565
431535015
402739556
385362161
488327904
373808355
119150545
320769828
59985385
467961408
479832310
100066356
437480727
81420672
145752300
338595542
124147706
394062276
393366785
51747536
412885928
374595189
231667940
221318373
173896406
292202329
85136323
50650481
429822620
177424807
426413834
452253739
388916421
381686094
360281873
427536405
165451449
132564787
146341308
134916284
159423413
87323301
427842519
265375533
415913997
190164667
397073189
225284410
219302285
434996449
405836641
348473517
297502577
478778535
489914833
184414232
449650363
475555392
465721978
194482291
377866323
274070016
364860800
464448327
116083597
229499329
208564400
362613053
123494774
109227039
489849529
242327568
239701901
218731619
388133842
141178017
449489566
484819180
126913713
201850093
467098064
464208363
324611756
148666546
317984946
181505363
485383041
131265658
113334173
490733472
109179103
309358790
304181458
403135086
199177549
332790124
358059507
286061761
236233001
253408643
160705852
338099155
271582937
340123051
203251150
477737726
314286476
271645231
61057881
491443718
333598961
296822771
237599862
387015141
461368252
278648979
172976213
309718597
347081239
222237451
427719590
393561925
304978449
75510458
452031094
159218930
381624535
325489167
265114873
455747560
296439637
101554407
332834805
276263190
464570087
225345171
51785875
396801350
278140244
186086795
490772022
232492346
113754744
336971270
390538492
55723518
225598014
207521146
207129987
489705443
354637430
151279207
66406301
353450045
127981192
246893849
154601010
168165136
422926564
486640474
172753773
350249573
229793955
63017865
180973587
326586435
296334996
422584603
146164084
448055903
103252532
369749293
320135659
79277194
367470145
116425508
220032886
303883389
150447947
350929811
137317320
493540099
487359165
437769073
269967404
178116912
388101691
313214149
106054829
107379653
456069083
496740897
438800119
177780980
104693408
330084644
108241207
481714142
417519552
162847588
177673940
352505568
244603459
244691622
94718401
179237017
120394601
295525169
76556310
417755699
82948936
393638794
386938710
255169231
383318658
125765314
120418012
61057226
220683303
236728005
63484180
465498398
156360499
228782375
331282779
51432027
163130333
263967965
368773241
320790246
292680411
269552927
363899801
91301377
168619653
478033820
324399985
53242338
336097841
205210755
118044448
358441982
312985329
188010405
470978049
329297665
464235572
372212771
423339810
418868163
259613857
211654163
235171987
372449599
499536620
443604568
482334609
170909688
248280906
324126357
152072859
101589619
118786122
95620567
279073351
462474703
50832831
293561471
493266522
341772829
405271838
452371057
165998430
113898710
85218074
334244154
197533668
228085210
80541923
389723366
397257460
196713224
340394880
347366695
163531929
213181821
390618152
312794125
65870459
121086191
289716101
322746556
291948237
72478117
259597187
368676817
400086008
190790948
401056015
94103813
298504456
323255638
168114694
136610387
266817112
459780757
446064661
122556991
340811756
154139090
258293196
351810889
328929613
309924573
461369827
346768897
223827465
139142928
244195347
442277848
273679349
319938526
195743922
344106218
450453108
107209263
147449221
64634563
362991044
392387084
370175823
154789909
333493658
379859280
371767093
490544673
331159443
303676364
351915573
225285809
326113225
289525697
454569066
435896367
412049012
415936296
404076456
315342804
404988877
212441584
481040331
87999979
80696328
441895220
68585322
141212440
127441207
134719514
223734138
362368485
419684657
146288835
497234717
364291084
402596987
148742502
405785295
260784075
270172599
193297364
145004385
408512431
326799553
221025992
211337124
75697947
266168801
143602852
435827566
440149911
87229504
57480537
208484006
268025074
360167637
330920239
430627276
67073921
435561763
225497598
414238222
302538706
442128026
66933735
432852500
374391327
234254420
184900128
376894783
74630995
232985719
61473330
242435003
402040009
443859147
259256538
445845472
395443957
155447493
327312416
303508194
431710927
436630480
285547169
229803376
320992160
202968958
431898242
163450262
197831185
77442005
402003721
461901090
180625863
191111320
303504285
356697527
302362290
131468740
380879833
210422900
314095273
332087483
247452457
65719393
469812506
337260149
432294597
487188007
308456726
281810050
170875715
229289324
215785990
259060127
221002827
325329496
360315667
94620689
74680398
140722876
306351033
209698066
175813819
317367325
218164568
236321948
385238537
464345901
387459919
467198962
165915194
427349644
93918009
210785489
222369589
235777514
374614734
161720391
137457984
230745007
178964112
85725122
98907385
170206325
234421731
489608207
169828513
182312529
152763792
391531013
417580471
449097377
173918561
127468550
264004572
180590420
291657973
282362362
71884110
170549832
449662944
364126943
493122391
487868833
224241575
346950056
372440207
181077063
60796927
182369193
379097278
238754482
84209406
222614667
69631704
117582747
462908247
56999728
344102845
254987402
247480454
346704885
261137522
97089887
387990469
227954180
324734602
340100349
491364440
454469473
348460457
324805133
253923899
361722966
218546498
349417261
408439015
431367301
401058432
261918788
193592664
372070241
475232500
191899830
114706481
116193945
301199632
120374598
419141281
422785999
135676234
194352751
389315804
182388315
176811518
346555027
118153701
429632262
173691250
399549536
69633649
286987048
114248049
98373435
428416974
255008239
229258556
442980105
271982445
300756982
56193017
176823186
208262359
378549112
348849272
323104773
301957914
91592583
152203154
374685973
411706977
118726682
243245867
374412848
446208655
310382803
367709408
352725326
307380872
123665722
392042663
257980502
215793334
221319434
376577073
407395732
342304304
143443029
338008040
74438968
384382234
267514685
301128112
334402704
146702461
317434789
330475494
76849369
278709619
190367271
435836796
419293824
92225964
403528679
458750146
402740001
126854567
255573692
308646478
423470181
79280570
432078873
318573472
98728732
350756563
395476413
102555513
372867392
262900105
146706421
311734729
139550910
76024767
441059764
151858581
139741343
406259845
351293780
178856456
386890206
155361080
184733028
368480619
314124518
120747033
300541061
442987042
353211108
272648106
195737380
178261045
286337875
81253933
237165313
467556594
284066214
360298878
206027766
138212213
64762754
354261448
235069651
182877555
398664694
329624728
145355832
142105049
262528757
462726097
207942366
479512347
128919055
313144405
62992323
69993304
421115874
397074325
245755438
362384976
177513480
74201216
400959123
403391171
410357860
264719877
212500492
88118489
108381377
144677761
372822495
492854259
136943335
135203810
219752387
420178092
73174765
90133653
493604864
311285581
131532198
417284641
485192061
285150893
333257170
451052950
121755793
259561919
188954100
124397520
123494840
361297178
445066891
133823338
88792363
103707535
447165618
156756131
91671088
90160164
169098547
357446927
247515269
136679920
315962135
443534013
92973888
417791409
366716106
282991366
151507826
338657353
241299280
105715804
171069241
52143850
369886457
495675094
415842193
77058220
487876693
305881849
331315582
398950292
195841077
266832271
409734026
197074481
54792663
218347109
150613796
189468728
423888856
493487357
408611564
241505168
449477376
275466480
347026769
272456012
438688853
84545413
245261391
430525226
77246683
390501464
480004398
388004709
323041712
411496079
391748931
226431038
388650107
135902186
467185470
430717765
332529433
308591405
274664566
490926748
66237213
292562130
169549760
66709538
430221523
367065205
78381522
497972163
480744771
396118219
62769915
442238234
139791281
75870445
136176597
235568429
474453596
473535866
370238709
377688098
51258443
218686377
458177063
204338891
392033157
358255765
307441906
189549380
342906344
475629389
71596264
349912972
92127178
333615802
57698941
276688100
59265165
85003882
221944551
188754867
462846282
75155831
268603556
335833717
289051434
286253251
173210546
248527320
293810549
161006179
287080429
52481969
228271372
145742474
262609251
369968299
377068343
276594286
430092235
210519638
105371225
204131803
394692967
316003551
414278347
480055629
72445480
262643402
354135116
124155733
457551760
437183678
419535993
255478478
122625817
275424693
156789152
132235091
373557799
257385582
115480009
102830014
223666882
174908744
290755977
152106340
92698669
437188925
444744642
236384057
377557773
342011142
346548175
413183097
469493277
316364144
420373703
464460870
174677598
254632463
425014874
50972214
171844820
291056159
496641903
319125250
316948350
424447592
297549134
378431382
116443622
412979988
125081697
347058471
308715456
293631352
261029092
63625377
57086983
93137656
457816856
181504477
431028335
366621820
116605101
292297043
446419308
408458652
353838077
116001013
282493005
455069500
61538261
427744165
398060231
129883188
263949637
452366928
310074129
484134400
341347400
390995444
120482774
493474862
58341273
193550156
111164258
384599839
288935788
245861507
455186733
411229599
359594739
410076009
418826106
183683732
425265416
308034521
216693427
276600444
415916365
181073704
203458388
406604288
495836293
283299702
398021585
213090039
52510478
282263682
88865747
154375540
273278443
390098007
235683066
273189127
146181088
471458079
303372090
402476444
82382168
83022760
129800479
410301709
445539993
60585600
71907351
77473662
375185769
71294775
297565566
327061031
284202184
212018257
139231412
202109678
332952593
350353228
439248459
388949486
401806316
426560678
66822375
150743263
453467389
279667409
475744835
229085468
264894117
284210913
194691333
74801272
216745345
467921289
181284323
320583442
363410996
66848794
216042635
121784593
274483956
192089519
474074290
181368236
201784474
401062671
165045074
74168128
118854792
253400526
460610945
204194229
413003913
94580380
75189815
163185720
89693101
343993862
182593410
70490943
477860420
80555853
433309592
239946580
341711686
359692930
429763080
392547521
334219466
198645694
412074148
124239929
417681179
480071315
445257318
424181412
126801816
192165436
498076619
498166866
58901260
375639556
160591976
64469171
207543147
131556217
447205808
416441857
107337079
155019114
121446322
326274941
492000994
498048240
91433203
406629940
202664104
389389819
69553575
293549917
305456712
271278476
57377081
487453359
396387159
419275301
224161603
259150919
309409708
152966990
63973494
270683169
185561685
389893671
217420351
368251972
419489840
142110849
447737384
439239991
133324969
264617892
281588696
465716885
355864826
344234410
299876533
283208861
478593450
386019587
170341751
435413562
479273315
141490098
407547830
234658224
128733999
403701549
204035327
349348303
350442508
90491899
420610938
399224309
181061599
262423192
384770921
480651374
224822428
342984461
153957828
497518694
467306474
314022057
102031524
436372237
227817326
355954927
395824945
246328609
191955791
364076211
492906120
58999067
461334254
447694482
359854136
440618804
227141618
470485368
263314722
344478161
286911722
467426356
194396131
374982263
476502375
298330521
107505968
258609276
138053888
494180586
307066798
447401696
160083568
346601619
441088481
279967169
164225051
247644672
149553605
434921468
427438260
258274510
203525365
151667380
475218684
495917331
345927708
116076719
267888958
88011988
359574860
283834364
206128677
198218212
495200178
258147623
333637322
405337926
130116650
166526553
204958920
376336333
79927761
380879704
76993011
457704451
83982733
58379662
230280655
280843531
465477421
452087301
158625063
333070359
230629578
325023774
412047639
60209365
424351633
367586293
128973435
340482675
168767910
135486164
222501875
441781822
282887424
306806075
303544908
111122302
197357713
234971869
364013500
361254652
128163764
245969501
202999844
331711226
365326859
476609967
289421493
200296032
122236827
98921698
286576176
125768997
333856645
297381262
273001452
80170219
228501363
312824368
166401691
211146176
334566592
51435591
238856824
423839749
228951321
474697549
114375138
228575608
90060684
103078840
446369609
100217188
125284365
195645403
390958122
171863491
481120624
245786881
331431579
283992968
485456017
372832002
70044525
226438835
200272561
229393860
427197848
301099189
450112639
354256573
312257110
277673153
349498150
280038541
456559185
68873750
431953744
324734611
408239485
140882524
399104472
262309992
225127274
493068957
307597790
148744667
259441637
334445660
454729364
172507870
224986259
83263691
207660691
61960894
103956840
362010783
326110727
92194331
256365074
273282200
140673317
321416521
247490254
447273585
194263080
66938653
130772300
360816136
342028070
476547921
463740764
496486053
120420270
78177558
230525358
496510596
295269938
50178034
55132264
397030358
366137945
358591074
464937799
124331647
178051490
166283404
427709609
168062117
163945377
189243659
91629367
448605277
259520369
332978041
476277414
227377188
441189733
255248774
132345065
225965642
367403929
355985422
258509510
103953308
174583102
124348362
421951438
257782089
412090872
314812221
375894045
199333740
171514896
339611416
470749887
349404850
327569286
314414074
153653398
338764843
60703244
115990966
97230792
406980676
154028042
477809131
311852335
65929347
87950591
211352362
443705485
426887000
138569340
250775626
479519395
476092209
439189762
362790914
410393249
201910241
173706370
246054094
76683663
429455915
79631690
95975603
183510203
393628988
112748621
143717655
370686282
125443426
221753014
86775093
233137276
274112162
302913488
476075944
490194678
90429642
246998741
259855391
452230181
261993492
321757062
322419370
444378585
334060355
211959702
356119756
323084624
143351319
146262429
75255196
178596996
405985641
176793063
134461084
459228394
169518583
349692965
249111747
102432608
300162657
380395457
369104258
213153613
192837689
428676844
279984262
337239633
400988343
117348834
496239548
69190152
467598592
334984701
463441640
342455514
218688919
366839196
215255558
186458536
213329805
67093991
58054630
234544258
268742856
312052454
172862455
326057348
165633937
182347773
405277327
276172198
436289087
173098645
493329152
120201567
469856980
340668752
234543882
252165249
215625865
368494518
218392583
82805275
348093915
453410818
219364494
113657769
295045554
263986495
466353504
372481743
481987682
315710168
264301707
273241501
306894758
489725850
410812197
396310466
311138346
454798023
327263000
404189650
445162447
423850610
379376839
127454845
123579102
201628330
135937808
159451893
134832721
223725043
327069262
186591405
350282711
84835121
266629127
295910194
198941200
493709597
383522956
256367808
398115918
198541837
105631610
461557240
147251511
322907608
290953603
332421855
190810509
227334099
304706613
277217428
341843388
236040835
323608366
113260019
270319837
186466477
154486805
177124086
209416590
101664665
392631069
334303535
299926104
170820616
453326910
167737564
412659912
395238709
228580006
184973697
272589706
277551040
167781976
125588792
107826579
204168969
388750915
411532167
333585491
421440551
215702049
446323223
90925466
296831574
102699904
376584458
458937186
477288476
65434117
469400302
479229686
158875431
300039374
102064363
106926302
430350740
117309827
132346298
407450219
367597195
51789687
492661671
247291672
338632993
163796633
55474160
346090666
495789449
451834222
182590580
211200570
141683313
439403631
411124111
355522689
129975783
66819242
344708420
174575198
172767871
499787186
319524554
181349961
402751619
275295790
478724325
275390660
400623663
150745250
160680963
147325080
132055846
226955716
224316788
134795389
154396138
120649113
305639746
385710910
455332907
214379562
496487609
81725907
245819568
62909901
382353762
367222072
202658852
126200865
242124171
344848130
353109610
367947007
462592702
187481828
61180153
472374252
449355498
160845333
108942037
154008802
455522221
163696422
130628750
70336912
259815579
195638882
334820000
452303425
357223602
419568876
378382121
275777570
215310570
372957623
301999688
107447872
131693533
304854394
72360502
463435871
466351612
97159481
346138297
430936978
349596951
290144489
50572053
157513389
100027284
224823825
386429981
321503721
295493965
465090088
281200669
58836012
383738123
468805245
104836463
451155858
175920900
428547623
154224587
91658024
234348490
124887260
328876187
154851763
217281058
222276147
296931890
299779444
116246422
400017374
218776783
477767918
256229297
231942866
105300247
452712827
171628832
489059518
293019165
277425187
55942130
438306963
322242338
296629544
115122933
202789519
252536647
324895483
188802664
349786048
280821987
478758913
367877101
395534654
492207034
459993875
353629016
333541130
277753372
272796473
199335989
486399297
101284461
196716757
276755520
399641487
317693412
146036922
59386885
485277037
52892052
97715594
167941329
498740462
404330676
198616734
148007489
304134954
124730182
459211824
321073407
148604981
455184224
270780070
321845933
177094642
73646369
166034578
157869138
498905818
243455222
354848102
420163252
184994946
497946870
174168475
302805250
330660045
375550060
187842189
326914703
255777082
157977902
339571081
184842726
243741957
170795674
419628803
244944560
229228808
362837521
174622425
118366019
97860170
160386365
305652998
65607552
373401733
142986614
296490689
230731359
341289142
155813357
340991554
230135621
255837703
198283601
123060657
63274655
336010073
248849134
184165266
404486583
437226597
311337523
400116031
375638229
76807256
440990146
317499064
273534053
459418065
95553371
393166946
491759762
96546723
289526273
477999115
151404138
253683825
272580287
219687869
144538514
449015202
323202560
330095890
317031114
446053741
356575095
73239172
227401763
149854007
409488764
134961432
51553390
433858081
359813258
325425201
481853420
314801895
293863226
54450001
62715720
497369813
89512940
312096284
159777459
309462882
257160259
446119902
451892953
363275255
258462268
235724075
145510796
102782336
70346370
327764708
281207127
223827788
133769138
225520355
284685857
444737966
337516249
77174267
321335082
293179261
454106468
176590813
150110432
498500256
138505659
288661227
389317480
384735159
485778232
182552086
451777877
247493650
354341635
283838124
337337767
352446602
125697726
215389703
146757380
380654714
424517219
402262595
133802666
113041808
353639183
372156287
440880274
198500362
441381388
175301126
246562965
179601964
400085015
490328092
100047660
339947660
456706096
159884311
229497584
199375259
325203208
456379199
275638456
151986225
214173878
390259713
96818165
336904186
103214509
198203152
468011766
444564364
240930906
353614394
102991517
73860129
369393054
341718810
281910865
353306219
125223124
118587341
91842578
122229399
237464580
109497687
58016379
413306596
172854073
164653677
130341364
196828987
70690905
430389551
200206209
64101922
204440540
402988227
487165903
386044741
411255471
413324703
246947191
94015866
50729535
284361019
188459977
333163638
470105967
371647521
135209279
103765350
67732844
217587205
158991418
342008146
488261735
305540547
317641415
194450572
454041702
351505992
310920706
166152906
242803192
247043014
401700623
189382565
322407027
153950007
70498756
140691127
281743539
422934146
330450020
230017216
341108810
339422120
266388185
239884231
137403331
308410766
100568810
307185476
370490158
352212511
283168953
197256204
415445335
222771540
326538663
246096236
165453085
161373286
251934741
426052523
193874096
196329787
335333976
78473619
137287219
270280485
440003448
488094605
434002260
186792526
320650351
83876358
185147237
215693609
141980154
59080193
421114375
408621750
215997360
275652302
227846979
494041707
69648035
207446936
103697628
152596389
137310736
222167403
364433107
187684081
399437750
393331535
271026092
162554206
171658453
404177281
473478829
404346541
394459897
348032042
465587211
239242617
349227293
146679807
379391164
467225600
74356310
75604601
128197133
344508893
117474649
370545224
435451558
392038166
99325922
240049929
202974338
374938358
167777996
383538609
135787202
434721088
105280979
336125352
355753527
202775479
497890219
322157596
171587741
475002672
258974763
218507052
110697725
411294225
358963018
278841107
384732277
138906925
357839924
272532578
343767006
201072747
171487919
442702228
172358790
162393984
136612046
290387551
152555880
410933247
393666099
168879719
138871655
271555210
311044019
393258312
141837008
101447696
469089714
365285599
217714697
112336394
115550654
239773132
194085854
470738276
190491932
469545145
342865334
246067809
439464958
307093766
84143304
231728095
487793651
260236459
435616412
287531647
489738822
455398459
218022747
457958717
452239860
68395463
128920826
488651902
167407421
152618602
279458145
60841810
125562822
176760627
248205034
296856015
388608026
95990043
248280087
491091399
302782613
435961678
381824810
238864186
427037622
270805956
266206635
67134966
261265203
225551967
255561206
483048878
108377616
386520542
128579939
422043594
123454203
226518323
367859317
74887542
232429256
169136305
286209389
193547721
217583928
142199925
100183795
397185432
171711217
433430222
425104361
342715400
294822590
62492380
350155287
97802401
335660216
176368646
327369388
477464589
131708266
235426855
330876273
419959977
370772262
339662253
437764923
69051864
187215378
286914766
172356888
104269992
231231632
98108097
495925494
324463501
55158344
426913048
58724310
483542993
254148785
434482538
484880701
116443196
343949033
137943064
209665640
327677432
217729388
102071295
189738746
211044195
147855434
179402890
136788375
246016674
287525932
241583920
277854709
412933376
357865300
469662783
152287760
55434147
127859702
438664755
118104437
92818795
459258550
472524257
369906045
310691294
88409115
470268033
203724137
225952659
413912359
154442862
103624413
351069842
316704991
419224115
198131448
124734507
414092612
413846981
349759972
253937321
180104583
319415125
358180423
269723364
210239989
302768788
280484453
232866115
408704060
440472099
353753712
356967034
243857185
415315170
85748761
419680874
317278849
403598571
331582879
77192390
293054358
245976884
296608166
82719570
489576119
218839911
167907023
466822679
302377335
112816279
74789971
327848266
214280967
497606518
214492915
342268289
383751663
137470313
401016361
477144734
320851093
465099708
483090811
225522195
482441831
228732973
390471569
355442583
320103451
353042632
218300477
381079551
228135732
317309981
364393936
321912007
419731392
385783233
140391586
252919045
403271450
335241501
139132829
421162340
446919924
458304929
166222194
149960901
82136465
205328324
179102580
173183119
496628943
83962839
151279140
268462815
360237523
157704078
233447912
126117319
423186368
477583408
478005601
183784982
268993039
398603945
128149378
339244258
295038488
168753879
378715234
112746559
464864884
290089980
148182903
183497510
337795449
350208110
478806387
296444177
238365278
372883649
247444646
155300256
458064408
496729372
491018797
446860336
331842918
50449773
278416174
200305850
469485754
54679071
101643829
293189785
181114777
331753190
81094869
93684841
130969290
216228525
79858536
386464854
361251960
383646091
354121161
85766662
271972343
245382578
88882100
202137816
438717913
301226466
159479346
308517177
274952769
226320304
185212933
78438855
452358996
99961595
178888667
314825080
381742293
242918920
283338971
247884882
138803911
81726158
380210067
327194720
412515615
166698765
375171461
486392053
367964279
473484298
295142833
429128323
170325018
322660740
278501287
476501118
418022211
119415739
489109535
234037852
423071351
155347216
87743035
445904230
347729885
119892446
242573690
146774902
464763168
135393541
149667530
84225725
52052900
98305143
274469051
465454971
288344814
316406868
178262188
204538109
256634675
288070178
201806168
74904183
270413689
393322174
347208547
346433189
444620261
58930523
204512736
153361443
411559262
398259994
156155234
354687667
97129948
232370998
317855456
214086863
91691090
275930753
265463952
251137078
362942458
349527156
495691681
273901420
81700387
101050429
182352536
436411927
224695383
81834607
439122879
316819693
121069450
216070172
350151410
298661837
483047317
85646772
189858276
242760613
423825067
179326078
296898766
124913473
373781829
261516005
144830929
53258992
63719015
134430136
62840817
195755986
193989702
433629578
303177706
148724877
434118643
323906529
431477000
179253154
265124490
163241678
316516177
192787055
106205272
139151088
252622607
446512191
257470023
228225852
493402011
345591484
60895926
405646877
222722981
202357746
492541232
137721254
472025943
322315091
491857411
195224367
327926705
405591525
341628468
226800885
114337667
305202913
252154618
58920322
348011468
213564315
73470425
132133743
157508259
310610341
360467616
102372208
478070525
316445702
253269239
284735833
453563085
265752568
185538209
353695924
365192748
128568585
428628920
355216521
355565466
378577912
283660101
389246024
109370954
418990694
463747113
318302560
454388057
355896900
407934683
234720343
396300722
85563003
234283174
436527799
134704658
425759497
392968965
199361464
76270004
395021592
84013433
247266962
422050431
478876816
85995747
74751782
281851269
282496549
407585751
439583572
242461087
160448600
194080424
421145978
131855839
136341857
150408088
210541904
484577530
57114549
470293865
424058057
457746786
120199509
199907085
219384580
222795444
274797424
271852733
468864254
151545564
317874042
427534555
168911465
466679366
430479236
98230619
388206886
483281540
150364698
301488738
289682485
407958279
439133533
175390175
241961941
383550815
168308718
234652239
196479120
460999075
205361703
265452383
265889141
256424062
307240172
98977034
78984414
187922991
298192811
433658858
326768775
480494091
213543515
237996695
384437268
324641847
266367596
484394523
414841869
353861317
298778041
101029444
416570006
305620796
440775696
342291998
405159922
223505947
317269517
432953023
478464345
243644699
111192416
375126790
104100662
271692728
365962274
275546803
316274966
50945575
115491617
442067109
124921147
411858923
376645723
429240729
313007033
275475935
281354056
462053008
232768174
329173689
144342954
458395332
289385674
157182107
285310489
437755973
178631419
380533464
325344598
221779671
315838196
197729232
354300659
309339415
293633467
65848982
492372939
356102239
120550547
461548962
382742987
353900781
64383399
140771493
61731291
340365892
457186614
453348125
396531455
186236005
356168877
269959358
321757391
182170384
414682656
344147194
449805060
208194115
130379961
301909110
205468247
289834435
178321340
63520349
418985408
124413842
95052057
288820769
213677116
305226050
362366052
355355918
487002080
363924040
385100029
98679994
127028662
223588520
303772888
360917334
143920301
247537084
425781105
266628820
173121203
381457241
367138883
299528830
108084285
161719307
260910670
120715255
106454435
395352856
311005610
378647849
186183559
420719555
228531487
446707634
165772223
73745399
458649576
197112489
127549344
209727198
326367981
386491382
490411381
272458898
138032902
283387134
107636988
244468518
126369299
179570869
496487211
295196779
88391474
204728078
326733252
171349297
104969657
464420060
186911381
285384047
483286127
408718027
142794252
348235517
459476056
130452004
179954460
369865414
247823871
153515871
171341954
314529462
72885103
408456509
296394756
235311919
302472456
191117554
76989230
229435566
183985896
188835197
356898178
246674768
302800155
136198913
363861306
497922486
320408308
370203101
218360169
282284029
439475808
207206419
375638117
168891501
196166203
301103710
472858561
183996611
384870466
306820679
286371912
237081656
310098050
287606990
202870700
294933066
217459406
190444547
285860937
198560674
320084843
66035467
369038853
492692532
220314137
198898140
453683862
391589264
213565414
295639776
356423715
386056208
478531653
188332504
169793127
460023455
385183265
96877763
437881393
381843749
322916956
208014419
174015921
168460142
260323585
284358040
379630260
207811919
217204509
151680195
327717268
302557809
376864670
241231100
365729446
258932792
233550655
475200679
366354165
374306010
499810460
309499711
407856525
320537968
194774807
339914573
254654312
274818991
448147940
252059795
408232201
89046737
491559013
86396244
497958250
125914135
61387812
419812323
477267994
274127351
78860303
281834831
68444574
260526207
451303872
473658506
234190542
288938472
346312132
223201947
160275880
196855957
147184699
80776079
453095833
245912900
230557300
350995854
304642048
182666792
96442597
105017581
271984124
343498214
445271913
369137031
332116246
310164495
126920798
494417889
413159889
383774526
253179342
98311756
430115141
442891173
272501919
341254663
462940182
217359252
290135101
180915474
249457265
440068835
419735236
135933790
62801824
257715388
409694475
277718471
480440754
77769507
87823644
229660454
202000676
366925994
161366005
335155577
156387541
125363805
291114367
361681764
193783408
251609508
460261612
164450424
475936665
293694953
327144770
309422199
450306456
99140228
269111864
86731498
406976279
319038108
408475506
168926997
471805268
490975200
352864979
341176885
315718453
440147260
249945417
109250674
298978590
418241237
469818864
59145318
51117064
190902112
134788851
426270117
241313806
173237245
187163071
311842076
404814382
196068993
484481499
353320894
57918761
379159047
294186307
74222613
147261515
487588254
68784945
374583031
112451140
418696282
483801154
88667889
81850937
145232840
498664350
197673875
331978397
398290835
438066246
496097459
429557835
301160601
370970475
385150330
330702400
352567234
415560522
120976600
264049762
181467071
261690119
181207966
471564156
170783467
415401994
166690280
348400886
147583056
482231070
167088539
109211587
392239725
164437220
130838169
99877507
126569221
196892098
102510364
309898030
221153751
166181455
347523670
176017510
270141758
287144566
288609092
317410307
280490777
303258122
358228993
186441881
123905910
377618334
477656188
158646110
182718318
247363220
131811305
446100150
324196799
444932188
330915080
92367876
58059841
126672286
72079212
287256974
380460020
351745750
476005296
91455669
221627197
499134801
175579642
127213052
127856833
212790487
373140000
253820416
368327331
479631535
89344885
273278000
114871595
78655809
408127563
103319173
147353794
152422269
334895276
498586902
302076340
394243862
116108746
197215411
329532656
362764800
355643663
219529728
180555367
127913451
316641620
463700637
253650872
134061912
153769327
385820170
312749352
276307548
141942163
346238776
76150275
252471873
422274115
264291135
292106755
182676668
76973674
493008845
52274373
199950445
387096111
231535636
159937494
58919907
316744337
270610199
95281475
65266508
86914239
151649961
294132187
72727653
99503681
93090007
266428880
484914462
393781899
152117877
88837761
339241890
474496947
109254582
398350959
118668445
218981516
56615345
325614568
141183970
292350980
77771690
184725588
211270477
198435486
375472375
147414933
309009645
371656211
143887388
119828954
412193320
133984596
339682322
139705815
176523037
178018725
255389839
147546341
286666740
158715098
440417841
407034826
321327944
463097632
407730867
321197656
114775170
345556392
487952578
342703253
431303356
402351256
320631890
185165165
295834795
321167840
269936721
414566045
179784828
372621350
280617648
162584054
253966979
119619099
235621092
303995824
207725276
392441304
386599014
343691056
349900861
396975044
150073309
221034548
460873425
466411202
496809464
425697136
422408439
155010626
113328189
288593173
478053357
106840843
161032130
289793487
163049150
472712374
115343674
152999433
328082648
196060609
484699568
170609006
216258706
164720049
308321713
457942895
291464044
396161409
325877232
163638812
93698976
386078438
251301738
89658995
422320110
170245789
387953357
445928387
453302045
491386995
477008971
294855105
247637775
347139972
357270993
382035711
259377278
326579664
452715122
143917289
334742998
272159853
145119846
305317718
261237460
428932548
325077617
149323366
103049460
83860902
356810022
63096868
244393755
431510887
215794110
310487481
234560414
309249581
137692062
112589020
74064629
110751856
493115673
468455531
460485600
80695401
364161443
195798965
134890850
63928764
329585456
122599202
327135047
271901272
275523507
423340615
354191829
113138818
296948888
131994900
221743177
498164284
450316143
322919196
245670591
216599735
199954956
219081649
135508403
472533872
166499125
214508860
80267328
426913325
372305218
170057642
156078880
294489533
330400036
221290061
128300905
425506002
434124122
243580760
462136961
130151032
260067768
139672326
243053593
287463615
62037769
121455981
157350827
136497888
372545437
131714776
460807071
130463450
405967838
111032188
320542450
354170089
389866420
365003294
480550374
474426937
421662666
169591510
493354386
485004015
129050358
201737230
423295091
192220812
212450508
385401934
81118365
185458227
73503662
274827001
310015537
322186704
259696524
113664704
363706268
75632079
408756357
323986203
161850337
490900494
106839738
133729375
326573473
63971866
135033302
406556861
340792365
263378957
52293609
84288905
422795175
184687968
123175301
466280025
494677164
347626982
338865520
105329607
128163479
312444125
448986312
216968654
469563288
62491239
398558608
221654613
481102116
341132847
121344542
142936148
342341277
386918015
102791496
352334840
305023027
283411250
90698125
230954686
453592573
243997721
91968408
205678462
435832598
457918025
288780954
479164056
458105940
311953774
445426032
278307531
140291220
51633945
297592850
101195611
110237211
402510804
76248060
197668743
174712569
286099216
297753303
217404913
332930747
241606425
74547229
316539566
148178174
135622889
445819603
152966232
429959937
255025030
298085950
350148808
400072585
418187288
136553031
484767406
287203285
416045642
170694997
149301063
266896406
282332712
336375241
299132033
190235231
369371468
468628699
249175737
263926615
139502499
146572406
121868598
148076321
210285962
412485665
149685276
154929129
190463430
485615294
320151215
443217209
469152849
430249935
310564034
450616143
108229394
425597115
414289062
434604084
338450057
411745203
408295513
269226136
415098100
138851427
436552308
473701309
358109910
60956371
458619508
333291477
487503297
410984729
278987439
259544319
299968131
376677854
218172657
324020311
448002440
153343460
106980273
358199228
166142613
174631874
287689566
263004072
340533399
94431774
212351140
374373638
165456769
492469810
278623993
239621616
493551427
378003874
180612459
391105369
213599169
480610639
379047392
348686270
361691673
449843108
451927232
484968878
304016506
60264262
166384153
228100533
238412188
324416786
121429874
429487006
124396933
177795571
96894959
303887620
199874677
251199904
210407204
160545365
440820871
109511429
60567170
232205899
310064219
408729379
104728863
193803614
210769475
360327203
137879937
99113110
219900937
239010042
213178040
150001618
325721639
52902484
269639142
385910340
459608467
275059298
66058400
131569988
186168838
294560628
460378476
458022557
230211969
181873271
139128138
171602134
488834177
321709432
138493739
154691638
270678472
438451139
181137327
472285025
55668936
86251207
314656067
71897034
385747421
371191006
259695872
441964882
461697087
356697316
462476478
275097018
185093079
148863820
458268034
137744286
462720019
346967650
210241556
201632669
247376671
252422621
283858442
86487589
113252545
83627375
134798242
352526281
130780177
150157956
197939537
349244123
308561310
398794045
109183745
283595363
246833746
449820849
409768507
444748968
320323805
93662334
239558925
415371182
446892397
305157333
196662033
396794727
493791473
238040645
362272074
358393092
385748474
144576829
162747765
381680530
191023613
442415840
123342296
341049571
303491259
300109621
310108306
447882830
260418906
317809070
54824002
367408524
294929841
449484776
228321104
264927633
274427854
69629134
470896602
65210696
459795274
497572141
484355287
80152876
352456164
157051620
336868523
205958815
127584624
281446362
482063829
403234138
351791956
63054265
179952764
355467286
190713596
357508130
467054577
154164591
391562320
188733473
495989872
56058063
69903308
291372156
370534473
372266598
117259928
237685787
480213394
185889213
429854591
232001314
180801730
248748399
282814816
278740154
248776665
178382381
262874260
397414588
126466367
371932278
85738498
343991147
108005661
154567821
57776540
136950563
226343578
205696315
159951979
481618345
208134462
370471546
170984988
63397331
439151691
91845989
423514008
161765646
322055278
278639929
149954344
148536095
66666830
130677704
271431509
362502994
191706776
326671582
233790912
366665029
385246519
276277895
333099792
248939391
376395671
302916435
136905702
426690744
89237590
480888980
237519327
435705541
380242726
225146508
166288057
284306907
55049903
175517195
172609060
454224778
273345219
120186885
188547423
135017296
109752272
179518659
467960373
437397233
464982771
419385263
223411385
327293542
326742952
417697678
148875185
71620548
364935225
402266717
208193251
378929076
473798897
493984328
169636848
260933280
307246232
167827883
332602803
366766255
299338905
482069450
376487826
222643929
481697430
474404632
467789520
425429353
427753960
143444889
212221898
437943340
80478449
395900434
318062935
456605016
169316608
442966221
460058958
360864948
401208961
150365370
379087410
385762373
401006470
425785153
229188041
255805260
295888925
400615446
62436997
311916823
183776959
406490334
338601568
131240972
175753744
483883699
306287137
213782702
450105017
462884744
458791941
58753804
101802153
367889699
233532578
448244110
288519454
374230845
360228638
441660468
77794279
494866573
300127080
250502706
422087367
169863536
313122831
414430444
268485667
70400507
178170867
275945267
245914492
245349662
195102613
292051975
272417859
67205938
478180245
472843249
125492590
177838075
143017939
256942942
117779913
195120702
113758691
393451739
192455221
264888712
179889581
303441133
109199360
396062181
286432325
178127812
329911999
202353488
458883358
173639540
235605805
88771163
67585535
202590430
424210183
348145043
99089149
329429558
113063154
372827075
216029933
82845253
353168792
492986696
80135620
391045329
360300726
482305304
290941848
326229626
247697306
489067557
233225226
315936266
479287391
197817029
110139807
374509444
286402013
208721633
434319312
175774736
198122020
479157068
107862179
106703168
285627038
109826202
409855236
304695620
462687857
289043308
339952208
107689079
269201910
92221379
194159352
92309237
140991726
358883942
344999514
346872627
85596708
443298908
338788459
495757184
136479457
96492614
421544186
173829260
464827158
385012655
209643370
315100981
179084280
307469943
254871496
283679359
258121637
290856479
374392196
156956596
326869423
391754377
473174294
289490972
350122924
476806866
203585878
117229272
94072373
53694206
341773100
499023569
348343982
167417295
111790402
378973627
289794737
204930473
315264687
479007242
469800974
113076437
109826859
87784443
97934294
79937321
286276648
331260404
367353548
132980774
399653710
194689274
251158869
397268758
145075497
187242740
228058154
344485878
314552356
144066598
374285913
163287600
128259087
375325393
223043927
54327391
396702478
387468543
55790449
399452170
77397568
448184229
149304812
274147856
418299996
475985128
338083271
163864306
311983655
174374481
206701745
380029389
197448630
376700551
317211255
322887686
451077029
343771765
404612189
450747395
429625028
486688778
461136773
342019914
475142324
188345370
85994426
322350262
265207468
185877435
272677193
189129689
298785090
331594142
109690779
475594111
392281932
152809074
354434645
394544992
176794182
192425083
467249625
358936157
276027568
336993754
54459343
187255016
398335012
415929867
367740296
335665174
429758340
292804244
480801933
259120165
469312677
429047942
274074761
156903367
415348148
137802718
237874173
467203376
319937375
433608352
248870875
203815227
316274261
226873650
134235939
52566259
251910952
226033266
119022086
184715914
196152732
375458361
277067087
213411272
174358001
300765378
497249928
446178580
382491064
286549975
332779183
408816341
387435919
486254224
339126116
206121409
361664248
117162201
220466539
271785579
332938174
146083816
338040449
482564374
312919472
270799703
302284133
77932967
99674258
408960611
477456089
280754451
359428973
290510905
496314956
330591631
194054094
381291977
288403243
190418764
477379823
166223296
461327145
223098248
294703301
353175739
89085493
388910370
404339960
239051581
404220453
304403067
327581613
336821024
398308721
231908790
138217456
404686973
331710865
387499219
255917422
461044692
289085118
142169840
323568262
115539907
451148621
395525799
458040191
150207340
155772713
227046427
138996418
413074812
116619431
250512228
341688826
406893945
278428081
221954364
208055112
281910811
57000392
64725968
459322291
363568173
78386147
213861599
429651225
307123893
274741855
226736373
268526320
255625492
210538991
247167663
189052816
239957197
467665294
457869125
442853239
497470086
255544372
462228470
201985458
115431690
229331280
360921840
440396851
471867019
354474089
106374237
387734496
426094194
263192599
65216816
288827073
253416735
221273364
96288619
153475593
193034744
453612876
223097940
478674433
126399554
266566473
397969322
312418085
373149119
318526090
304135952
463867385
100930028
495432640
438536666
331011608
325293225
94942732
95960110
366769408
326430256
260236448
87219508
89663197
431420839
353238280
309446587
420376275
289980270
223772570
353250322
91297597
260538973
224153756
230609809
476557280
217567897
283630341
56550207
378689794
339234041
63893199
375279042
467532025
227281713
130288856
115756890
194738028
460245966
283118901
486308313
216727998
396851814
186721696
63525495
273013213
323321702
281943326
161742512
304562234
230985206
395387228
146694701
214113361
115349131
224702674
332836803
147484991
346756200
195361088
143747356
155440093
215121735
274726574
92118950
253507868
455634659
310964278
52402382
311303145
318241190
122795076
400849024
247201170
412493803
267039018
266594214
53740855
350177450
91345987
306407971
180074551
236510423
96298881
462433372
256888500
407970796
346372155
290343067
198953988
108768760
457580800
352765936
301106588
99772951
149239517
486355103
255545220
358516333
279961351
224233364
210000619
360976816
86140402
55028498
480346532
350067173
474133364
163814932
120524767
432219507
382385573
344491654
237193643
249639902
50097426
349070734
497308119
231366730
327842979
69064719
189476512
188758227
499078599
306623752
305020790
81977514
67200758
382797447
67210786
208981548
388719675
192051945
361475025
248157821
57272761
363118051
271928746
473731182
227023166
130162555
438718364
403162174
293348127
313786027
325043004
436284773
310376355
166542372
382545349
401922131
150654740
396921821
54934166
182057762
383532387
409298282
329554804
470688578
383310671
149656937
336632858
335849326
388636037
164774879
264070901
479846752
264605664
196792753
160161518
484057891
118491552
373158400
363347653
146064779
85912241
73819542
111732259
300419129
213580443
190969602
80651696
196539272
393931187
475495889
181821730
435561286
70995639
283972583
377907528
361696809
254003380
75237566
303753950
123221018
361402499
405930606
354262041
435610785
330622783
430544100
488342655
322795999
158368144
335151490
223479154
97258296
213634971
489457533
385543670
90865235
99650481
209979893
341249908
354497781
133907149
50047572
270350834
427421882
442748741
323940189
342407277
80359339
432665857
262140022
149646571
400585032
331652008
207772035
101498822
179720815
462658650
139266686
171969617
339379955
331038751
318622822
249079469
273497515
348187530
182565361
179132222
276414250
211683575
296496204
414985084
380295759
327273015
180646752
198010016
384495587
179769164
404240299
367144454
132808724
308631937
155594753
210724536
474295142
67379629
193664516
317710782
367799059
261952127
325177483
408906599
418978694
267600109
78061799
64804797
158303835
70233246
88407328
96246849
207286675
392999942
210098407
380618807
227788440
147558704
60928143
72402621
445306174
460514787
384243912
64894903
266175430
405845350
57332662
346506079
276415339
130256960
362402836
282924051
481131710
154200885
395945836
497061237
55268617
373777087
344103330
146732342
416407358
318084699
154288831
367474510
155034238
395256934
372224858
223620455
356148003
173315116
188749988
208687447
410229284
83365013
305161464
197470003
98281662
80631920
435050699
240726045
173138772
248279930
310265777
353951864
78247483
87177939
444018202
423059166
137725004
436051630
235463162
367510867
378305061
119423440
130265216
84609206
92169860
114478913
374449400
83369540
400649196
124666794
323389062
465743897
313890562
258395255
356331255
178981123
194962634
152708686
404283662
257172590
264615828
438523037
336927330
180188588
466917018
476728532
311082493
156017162
429619919
244410934
326088937
121723890
92628875
329436146
151891433
50151165
316913324
187680784
62124864
189658629
198165222
200527747
67570580
179915784
454572310
50197458
110590599
189272959
216681212
121941203
199776591
317469148
262960612
172360297
100354667
297430642
241060439
69028148
249700898
79851547
219553593
270213151
226815576
100468877
125930361
187814961
143759603
284455693
239060649
259929975
449147826
190206247
488531098
264103645
323872287
122500570
90542684
174893106
232391328
166596509
130790500
462483931
158418136
266155206
310103773
254768161
70443169
125929255
379195240
230933790
137687930
56244065
170976662
140514974
457240030
277997412
158764695
236836909
169560001
458246550
468956521
259619242
304219853
63007956
393601357
217768470
114928207
59891168
384581343
153610163
369847320
180119424
313968940
95598611
126121479
460297090
298614516
283392008
120123869
50735850
203880939
439165613
486013346
276703150
64918372
469720872
311344958
497459764
54072578
422476184
282484463
244704487
50038602
319800417
358249719
442615796
70034178
490133159
125330847
312558871
157304976
267584093
312911909
498896079
68246063
409644440
197490662
248675175
399524739
384848447
491906081
316950331
263978961
389420427
255306109
406251781
119332967
116691206
213532772
248803174
82919579
305850151
432150923
165855451
342895525
479398751
108028733
88775260
433273820
136665445
202698562
442437692
84653560
487343540
279115668
234642485
250183120
79083433
371593476
499186141
498872818
328013494
131367353
114374544
297048703
330461389
461289432
355405162
105314226
356288695
373888190
418598274
309896975
355110289
50893505
303836127
370334255
369140185
327263847
81990558
153559129
477970473
226932774
371680311
79038492
280189542
69137437
343596712
403321101
228964823
210327152
253374812
175298183
282076600
466511542
152984133
471670071
323843196
420258279
64879185
61054442
376572457
86219072
56067298
482856138
331033756
110323502
53359323
77586497
206788573
124423805
150738307
497162586
394228535
298859000
199852015
245765347
148854321
163786832
216347806
122727303
458482361
421625453
486328280
386182954
287478324
469124762
53595599
149947961
376424511
316737191
224533688
146739668
148416754
213107558
372830405
249712649
485851868
353467377
487874005
440105008
303243195
412338788
123101719
151527216
466834824
136410629
173633723
446119086
116341324
468588551
312657341
186857713
481522715
414688243
357210062
109607141
375026980
314188568
136568992
298189112
67964200
419587943
374615134
274641359
71802699
271139166
418548269
65009950
151842525
143527897
461245766
336841391
414336786
322400976
447236874
405279864
175458588
295579166
244164714
365160363
292010740
459956578
431055807
235550168
76725057
99542538
61031245
373259187
447790610
465435054
156293533
96570989
51365182
499859238
137805408
283894637
68132867
298823920
141932526
128663591
237009907
310688234
351003763
235229312
290610864
346621796
373490438
212523870
172449980
150157918
461358319
469422458
78818156
101024074
288284115
137286771
177623000
129193277
436589853
483979561
61015421
240553246
480746930
413289320
353536797
494570574
240341845
401545059
196621955
361013764
431583685
369546761
203466747
235833913
75209543
307137626
356897859
454200817
246940867
114721718
461086875
363262692
460695910
342517201
91651915
156819160
240245503
233797392
408230330
322382925
380842000
459736161
253597583
302538720
226348147
425947143
56355461
228539212
296613047
454740666
258282044
246303758
70509402
51413843
226003339
274697279
204529157
220598641
371759590
60124736
466203484
81919418
130545674
84918652
99142962
484734806
446783391
387477697
446515648
106517196
350937168
440228893
377654245
470039378
52268290
476504961
437422997
434172064
248378763
215760398
218109650
163824397
69925340
368619723
249588361
173320956
71468587
234457090
323619372
88960056
431652273
94192606
493143578
152137384
411893958
335940809
467901188
490222423
351268900
339198217
134633527
52343149
456637024
210298480
446118216
471861967
234502678
337032861
413360058
114119143
367127188
78423799
192306323
451311796
491176039
208975004
317735768
273165617
164961435
335897059
228244552
409498675
156823014
164463452
118301966
175621710
131493340
244198835
141191263
102636242
279589825
286904778
287674460
200756040
379412431
482649122
301714887
94471943
225445398
332165009
127844110
50616634
321269219
403680129
453927845
92323897
481981096
291527559
492108734
248290587
445275677
453206575
250044977
290113612
413686384
424141352
337974820
64345092
489295576
81313762
398446262
467910630
65035469
251953581
331437262
280165345
185316755
409757046
405012361
189626470
366282152
174234954
315125335
438595255
390151303
187004594
479596053
241072787
238696046
205255857
236210043
315798198
374002525
280420358
473157094
98774928
262497290
223878427
300178962
290077612
485003872
210243609
124118459
152484796
97580929
370108853
109022291
406970914
127729479
387317059
180963928
240224559
68565893
203913038
488836738
269626946
304769221
152724754
311675752
169411620
182566684
238220826
346076619
183793684
260150467
347639316
478517364
298951399
297368229
472771305
220257977
79990668
385292907
426785427
204880392
136256644
180702683
314740731
423433455
104633625
99763782
213469856
212954294
236014257
164681969
107157774
135639698
225697095
124508779
385477444
497711024
155234765
388622043
491061290
165005693
142137478
284280792
361548847
311918146
398471233
60074787
367287511
168404196
354202507
116765273
470849603
128925317
258028762
347918747
488497701
201832102
353107265
216071652
254053136
336631045
263449303
65640803
82424507
128092504
466878914
332250404
200628864
58976159
252997031
168841857
222424703
209478104
89964553
281786897
407228071
84372902
309011583
408502427
324260724
434012566
173940285
67233388
262501609
343953585
71225131
433981562
402681403
153888106
498429151
474230517
353233359
168722186
151838444
378600217
312754366
276782546
136301216
98248177
226053421
102814120
426049136
318003264
289119864
301057416
369042805
482492486
188239456
495930773
64418824
444454082
93101457
436948020
291354661
497013303
395355331
257708964
67767246
416754167
469543166
316605915
71158720
313883245
142777454
332318329
171423820
289846847
198501603
341422802
476508314
280807955
479430702
297143663
440420314
416630379
155726444
492511438
260704259
186418313
476381597
104085202
277260880
386606272
144951700
229121438
220013394
193569205
173255476
472101993
177082440
274225145
420512762
177298582
461831544
362644350
232736697
454229599
330564568
495712380
331326929
493768070
320797499
310191967
440366746
464915098
215009116
319488564
305644644
428085040
351368804
431656296
317743306
491561504
90702270
419612296
382909745
194529078
221201640
363121344
92487511
358287807
96526978
111775803
288111655
346300493
226745882
86141763
135282940
472859560
438078927
180375272
284290270
60913373
306242051
431047768
235512698
174731202
188227906
304776541
465713951
386517164
203181943
93337541
468727108
380291744
176382081
245029570
494119947
324801098
415225210
387117737
127056181
53325930
411392214
59825164
299540410
361787302
168752418
169941525
283235584
415611865
224699865
222723142
263421275
272725601
314136332
280391566
127655532
82067376
392524540
263484650
423571884
89374615
73073005
108933880
163013258
127907076
260196676
97276929
296690031
184649377
288064386
373504037
294569710
85272692
252054499
316008640
189625196
150712653
448832441
291988077
372967396
185653937
349629642
478666822
187085123
367078851
312197706
325515561
395569196
203920751
237374274
253766253
166379349
458707767
183274247
410052574
269068288
193380952
350570254
477173355
195597955
238355398
366832799
105442836
101819230
79176693
108703586
187315137
147112408
336450394
239655586
71452245
174642220
315211150
72077063
154860546
231085242
309320881
215860664
263332733
122659880
71135734
398680792
422555594
94573147
481053048
486107999
135878614
221799435
256009045
416242104
122593961
191229247
236942632
437550847
351117933
222268451
477416535
240272604
380754544
265809474
134203006
245970942
409006895
464580879
64657921
176631879
93046061
436117054
228203058
243678206
319622438
426278106
183781056
206490528
79688542
455154980
277600540
114746237
94244468
72933780
151199835
137119718
337508169
391178947
128746448
339301382
344400296
381718226
429105469
410485241
258669672
385989866
183223066
311006713
201492820
193884818
265338654
318380931
245504778
497497878
199249894
266751224
104265716
186870139
319458823
267311376
240355496
229151032
458906739
154767448
450043432
350146504
487870574
208237702
388290030
94383135
399199479
424890164
204099137
163564510
232646446
201443578
176168476
473898634
426781083
190683934
424332822
229623948
193921977
248317466
185134865
460597042
242393158
416211159
356468182
434146500
52418049
168959712
347331732
223725459
227519161
95762964
221706267
491727126
288090957
138477830
299217884
472500624
401734681
278536688
332183092
167147878
199081420
268348470
424770263
161332695
257838179
70450540
213052164
284493482
239457981
339259299
287273002
128892122
446359596
389236639
169089318
240399409
229729411
91037461
384672111
398158855
265068782
131624953
345066934
175753482
250974827
160808660
413003822
157826430
361431481
347559155
199675759
249415722
57870585
456448235
71578730
455899874
384290659
76218762
217703184
382769490
98462064
78178493
446815203
387329431
109950790
80885830
280819496
125245641
494984108
334490972
410057802
182617415
437569213
373218183
386797628
298565446
59485237
311882993
320163739
246268386
102126733
111735204
343288045
200521914
54554102
439334297
338534991
60705046
456865573
331244891
172420682
142056334
283522404
276117135
89281311
371030646
476068959
203626750
94123379
78808040
144630317
84837015
92787659
228514083
357409961
341255464
457568956
163396342
194994489
492868346
306700998
80453857
419372141
254060856
326242316
98340055
158583390
343542103
419555047
296235246
430266327
450654016
138585583
462266440
168389440
287558899
268577081
164644871
490264536
398669887
370545217
146653726
123443021
159969978
160365512
158525839
104580707
231154471
177384531
432520325
208234963
126608947
394762734
444316635
367733492
498627252
329503446
350480609
111862311
267036468
80366171
171143257
85556265
83372575
401973067
251784866
236097523
158778991
271865405
390912818
419535565
118939367
288252376
103219025
342158713
299002343
176347175
281162920
235029384
431761412
263731164
439455671
443870699
92822870
460222730
89548764
120650703
162812911
397386265
435759133
377258160
334405805
365196025
379429052
57805724
329241908
82565085
305585267
115199609
332230127
270920602
463460834
56985860
196924916
286712937
330500760
133905475
182187507
95765411
359456067
235915239
340001751
441036967
285404904
66387949
390237797
272179236
288042642
468681928
375498130
490250437
332024213
109056881
220673471
188248482
345336902
347278364
210023477
62180022
311796111
342112171
382359920
225043289
185767657
137865883
333336151
271815249
244961693
378844987
53377073
392419348
450075148
294551131
386102898
119710678
271986281
472763171
223212489
153577399
166728997
101179837
58901143
326603962
404559820
361599147
137918923
297961182
299432310
262438398
249809232
145793968
350294535
162903496
408611783
243665334
233629283
171362217
187493171
279571931
121632521
286921126
91084127
189281731
74030139
190011556
499426342
63515836
320836680
86082821
438075441
396248405
494183444
114235769
292570270
353545128
207408122
283669579
166751007
314660579
391841275
130846939
291724493
237888040
160582932
267414625
145130113
404783099
56002510
349291633
331914147
98947163
408357448
272569701
357642210
338735471
252770717
303850258
338369018
222187313
369025000
100561673
96520173
440558461
183411201
98105007
198882998
224460043
397068148
180656410
440934828
191899288
251234096
378171130
405693669
432354336
345236874
283857866
492499027
75328168
267194079
295410454
401568441
152872435
279813809
149745631
478773056
497956659
416291785
307390651
192988521
471987607
228564758
466565140
235125427
354264120
148764619
419958569
151694729
495164238
129700229
193379281
431449600
254679395
340832772
382836606
453303139
168024533
287912953
497061310
355445246
134187004
376794309
58002945
425014475
353754105
164471654
121029813
250771051
91191525
139789012
309422711
481959573
129403946
462982728
250239429
404163702
270127906
147559089
266046718
142792964
259689381
149753156
81911171
317118700
99985976
231362718
450973524
407490560
100115547
393789750
63610291
86913041
96151257
421496254
255292924
290974681
228191313
486343048
226990745
453636457
229668842
484345394
209014563
361703459
245170560
375098988
453411919
462677926
77168445
317007650
143640735
324203666
142844508
493194816
58609078
409294360
72564286
287698548
263682271
140995912
450924620
190678714
451541283
149231379
471503257
437693149
71178376
256807630
201697700
65966944
123622579
331620739
210329474
362829335
291945066
450047084
428316259
255278391
418028715
155208494
465720285
347281780
352536552
246495049
390745918
495872935
198267642
84532063
385933876
224996418
359496204
144655780
207657380
113891635
224193293
75778833
373941806
123572306
363584683
460364284
213104768
422857575
162212007
208847289
489971797
484752117
90318972
301276376
244113658
271620903
120089577
331033784
496661342
416447161
494221365
67813567
215083159
186229040
316266182
187633135
363423137
333272022
494904338
285407839
318513426
365641785
392903128
214400734
125759594
195889069
88213093
100226107
152289308
428889189
207412880
374170605
206746798
450708382
187476894
241990242
247556674
455100699
369773162
380652679
163899531
191476779
153108244
326902817
265966199
212555477
447393461
223210880
109022581
363001207
327625428
320460973
330080634
265075957
405887072
450409917
84702011
176744763
227336739
294009891
455453113
386853522
446361981
235185523
424797084
299047743
325968266
91365741
406416220
360336686
141927630
386776866
216537875
480589761
151722502
466995387
478275621
207489674
352572107
361504499
95135625
311891165
443758434
152601654
460579093
310059814
360331161
238905544
187409235
92277665
114880778
107811497
434634806
423477899
137962498
377077606
157652485
491929062
341296118
188635514
213358175
400792397
349806856
91226727
282402394
433519049
494544289
335914111
155571192
263203127
487225618
52959179
130437523
442915821
466495645
308160589
467529727
462892448
396674531
336895112
231913830
376830291
212518457
214307470
343434399
493811532
258730695
320886895
73405771
477998345
338641486
236261623
219103763
482452973
90144436
346776413
300109191
429895662
185240448
127284793
56825783
135217127
269949693
246702188
144209249
322336377
351839761
124265970
414379863
88707045
339239337
270682804
167058088
249278822
493718701
56945778
422401154
482857462
201834296
93085935
62709937
107982749
306634953
202882879
488133106
370150221
394153736
223474628
78991173
242826679
66741829
499165468
171836215
402204695
108949250
162954486
182688985
65247120
107917153
315544605
461700987
170377960
386256774
219098270
245648014
210757495
397189992
117972938
312084144
115620306
233118069
384995785
287450919
308907076
77253667
126464580
243806490
224291991
415932335
157679026
111049823
469569828
428612901
369264912
392094720
496760601
439152820
176683269
490377871
123548179
113665991
494803711
204857420
110276117
90738798
83704433
392586515
219656366
102502881
143323952
347515265
496637969
109886244
268050657
233456000
289960691
231810307
134016832
149498180
371263472
323907687
123947076
486472026
489596030
493035834
212141512
281893433
278244625
225373092
336249027
293594454
410644695
371286006
155031272
186216624
68895301
477375298
233932881
178030053
105611287
218447665
429204378
446969173
451871602
404365281
122084534
158958826
246558623
332469485
395811005
290274649
282705388
349852947
286683493
390834310
268015193
482891608
175558249
394970461
474294869
170303646
123996949
109541749
326597315
164820714
292964955
206103981
191773995
448298329
416112893
462319253
96255974
157323569
349958511
295145348
427675714
298078928
422891124
77967759
55399130
170156118
172277716
459992797
59289110
411147945
114261711
125307712
412790892
77659358
309696482
152504396
51492005
449225194
425917179
150448039
169297868
395055498
252312516
471700245
104666913
366337130
398771628
122462925
96634528
293999045
344395730
161335275
493468400
269098067
170195256
492397830
176407773
125955169
307592394
230896256
240689369
267388645
284902827
489175136
321660275
62529664
290643643
314224499
162798316
463955903
118894912
189123796
359532487
320456241
272480975
159291829
220240651
351723470
285170728
98350534
494206343
92242246
240516524
339278709
236163236
418646573
270028662
129643609
243429753
222801568
103560399
357931820
149959194
207800582
162204442
229669668
327552740
334166468
87920126
154368725
236890635
230908396
306670789
234735324
472761691
418986741
90348138
333795806
287096204
273816862
339396233
239528495
299835377
306206108
438256464
189687533
257526018
455921980
480560538
303671052
243170359
106619736
459836590
223538567
115141714
307386178
270671151
92022988
289739468
74813209
82160095
151954363
327881519
308069591
354486185
168855834
100722781
264458965
415259948
431846252
232606852
321964901
470135277
387299261
404649741
220503575
455389769
423580456
300054642
120549720
434541296
118992220
499452831
460492931
488523082
454468471
110386488
381486435
358853924
492560226
246772579
123461625
482178491
155128855
301698827
420045951
434771479
266723525
487705943
219179177
206708090
183311429
108817564
207162495
268397500
446314896
144164875
88529260
468468967
382776243
312893352
361043171
234232444
235343723
212725307
440981096
453145653
276645910
121003004
114409794
279451536
133432939
307023754
357183294
108002329
201041479
304761581
139323628
332056229
256639507
93409333
469456123
231925428
434889911
70822210
411737042
237124265
308425154
188558788
224209679
89027839
413877924
478958127
213727829
283938382
449037020
254025165
174941830
292083391
70512203
340841173
282941801
287411991
456608396
452338683
368694396
54533823
208503559
74250486
388075978
351407687
472391579
82632706
68390809
273666098
187139098
338974566
85350567
495513475
127650721
333849920
379813553
362890356
67171365
249856011
462287335
481057281
67486163
297743244
336883147
379211029
281496005
473900494
147986134
111901367
358727964
316595971
486939844
468843861
192495467
383843762
249998921
303128666
307623626
165286510
50528188
228289640
163886919
396635037
111431018
92058205
97340277
81714713
299002888
478366307
206879827
310293501
493277889
237184124
467601725
309956146
361574536
232079854
282294342
453723449
132818504
94373656
388264118
409222229
313453854
240127501
162471568
146424495
436047192
364247840
227243471
461289739
357345465
441075527
102061095
385090369
379434900
189627415
392063073
337195789
327212682
151435426
455728868
489085407
239724798
361256967
402989198
418959970
263074347
61087933
63293855
354587833
232884399
104703786
114829487
153058331
174295258
352582971
180120844
267112531
245957869
178084755
80497164
288191427
85948225
119964833
60271717
151669251
119095966
123593076
341486971
456241888
474905197
431598094
448196639
446168211
421181504
381606042
309702935
311816529
433127591
357139156
488566711
474101744
189548516
455181628
58913081
332955325
296224467
119539260
177516329
426146675
129920773
225859070
309643920
224461998
231108082
108488932
428261271
195768986
80080467
299695908
477831845
362619882
230514079
246708574
176533504
479726272
249187999
119430266
448177748
373288595
286187795
150869539
367274661
236174386
117340041
55957288
55896569
311480643
348515650
251145066
237546455
110856556
286449215
156229279
143151604
81212119
250453941
494685541
216550755
111603124
266599812
203907027
196694710
347476050
108929697
286745632
53674908
250814857
261048666
92670593
226364717
214865789
394303385
441506336
167711390
269087887
321780830
431564544
62645810
66492933
222308674
399359882
102233620
434276239
146524205
487619860
272771095
117135651
282403478
442773436
446093305
80961993
408153424
409170650
220462844
272696220
406438352
145799367
149312043
331321565
429551319
326442298
142354109
160713035
454100375
444388608
105860266
445122342
333836327
89948488
328433621
64031824
490815387
267189004
358206998
476906307
191535107
161731050
498794616
425335212
483149267
58207068
267632388
481038688
187451843
72201540
277718777
270945822
160402295
187004675
70619453
473447243
125384268
396552392
394204414
492916385
261448836
478820312
83154593
256447320
195547480
488090359
287199553
406268718
306176836
297311374
236203329
228796953
116929842
455167115
172892637
437671608
213064194
65191624
497957356
419458412
149131785
429884480
334916179
495183767
121257817
402319780
403810110
362105638
83420769
373465970
122571444
434940036
496589043
95424294
273616349
239849391
74582620
166290547
333168388
196722432
86275870
457377372
307876757
175061320
198305102
194163272
449463854
347945466
315518162
459461727
128080909
164740730
302572927
324404703
272037053
105603036
62614549
236350999
374685863
416264046
396098081
302518165
373755431
237852964
272608792
67577528
335963022
230972372
296396715
498458155
95704620
241606518
122747351
352528682
430316785
466799659
201677626
404479108
294348969
341642433
471314965
449084359
146631898
68740099
306330422
370433431
115663523
141064590
408701125
253663925
97443159
366351865
245056134
262567148
213485778
145303337
83883022
269138759
368847865
389746251
121175563
374265086
295692945
178402644
178985555
342961539
160029457
190451734
216821092
392642468
317449584
213329541
467312805
331325458
468757388
125724348
364605253
206395819
306114688
164085898
287944131
244135542
221558445
298265813
172252756
343499485
300155711
315517823
211426945
230893738
337697437
356855450
389119353
251621176
263858576
401415543
254637058
323290526
238116711
320175608
325138716
328706074
493346321
416482054
93337864
357634048
473695471
150283925
435597408
230457795
58081097
274201455
302232892
240106638
370799367
52267813
310090737
152972243
490582486
195340583
70285781
464662185
50142906
206417738
58372228
499701961
255397077
290481480
206090142
53673730
85286370
101179690
300784880
230282718
124165721
142136587
490238898
173477859
395618406
427424079
288548452
260818443
283078550
277467026
272556489
444660505
400982694
401364078
317466169
398642838
257308892
360297803
69940429
298121197
325236548
435045874
455798742
239814156
395423510
115215658
123144487
226010639
247368808
263542435
109029855
199373729
308582046
450501528
329650885
381847735
457767297
329734354
322612524
71277420
209320209
453228690
373696413
95660538
203675125
489854520
245396444
407931795
465573366
238782697
233533396
477425206
121285248
387793257
275639975
361913385
444279944
78111387
281556975
69095783
78888319
84195026
318390170
213601660
275529050
144101855
258500124
204793850
418561944
317106966
486951397
412818607
477896263
202137865
151908368
378232743
81721446
101131629
186732679
415881151
100183579
101151655
488677163
176679633
434877443
468266822
185132778
307494620
216207219
442176630
244625627
365036030
108243172
118046162
114963433
357285075
457326496
60557379
434153204
72939319
302469798
173487883
356535914
225955066
78887045
78887045